5383 661 1
4915 2499 1
5386 755 2
4027 1670 3
3172 4573 1
3368 4144 4
3929 4169 10
3526 803 4
4305 1670 1
327 1826 1
4846 2880 2
5895 4328 3
2043 1671 7
1368 1245 2
2094 2246 1
4570 4121 5
3301 3329 5
4117 4114 1
2481 636 4
965 3465 1
2624 2625 2
1503 636 7
5555 4121 2
3841 803 7
1936 1669 4
2858 2982 6
2404 1856 3
904 4332 3
996 636 2
4490 4491 1
725 721 1
1505 3116 5
4804 3373 1
1622 1387 2
1568 4537 6
1444 1245 3
5258 1885 3
3452 1237 2
71 1805 3
4660 4446 1
5981 4120 6
4090 4120 9
3587 4537 7
5705 3116 5
4081 1798 1
3292 547 3
5299 3015 2
4524 4193 1
4581 2426 3
4769 207 1
2850 4328 8
202 636 4
2872 2873 1
498 1455 2
3303 4120 7
4990 618 2
892 474 4
3436 4973 3
4027 4103 5
4428 457 1
2681 4198 2
4535 3930 1
2127 4111 1
49 4169 4
3971 2916 3
743 1670 4
2261 563 7
5626 4103 3
2312 794 3
2552 1742 3
3051 214 2
4627 4173 3
2412 1455 3
3641 1455 3
5770 4232 5
4518 101 1
4873 1670 2
607 3486 2
3729 1998 10
5173 3950 1
1462 1245 3
3521 4114 2
4951 2296 3
98 1049 3
2139 2246 1
338 4913 3
5379 320 2
3483 214 6
2049 4198 1
1934 721 2
3589 1396 2
4882 755 2
3093 4537 7
2919 2277 4
1153 2278 3
3217 1217 6
5073 4120 5
949 636 4
1560 4121 10
5063 658 3
3522 794 6
1159 1154 2
5848 1669 4
1365 1245 1
3776 3750 1
701 2243 4
3084 4120 7
2224 4178 1
0 4120 9
2179 4537 8
5296 658 3
2032 4168 2
1057 1670 3
5776 636 6
3685 1080 4
3820 636 9
815 3015 9
398 636 5
777 441 2
5017 1670 2
3195 3908 4
5278 661 3
4325 4114 2
2382 619 2
3334 425 2
3761 2296 5
5154 102 2
2364 409 2
4037 3212 1
4828 4298 2
2590 3015 5
4112 3116 3
5032 3252 2
1412 4121 6
2183 636 3
5790 80 6
2949 3116 7
2181 1671 5
2659 3329 3
2976 1455 1
5133 619 3
11 2678 4
5174 2785 4
2957 2982 3
3141 2882 1
5474 1805 5
4562 2423 1
2280 2278 1
3010 474 5
3905 874 4
671 3908 1
1095 4537 3
2232 5062 2
4433 755 1
3279 1805 4
2086 803 8
2244 2625 3
5269 2247 3
2315 794 5
5610 4131 3
3403 474 5
447 1527 2
4899 4114 2
5426 457 2
5107 5108 1
1664 4263 1
480 475 1
354 794 3
1931 4234 5
4295 4260 1
2801 563 7
3196 1360 1
4213 2243 1
3370 1455 4
1198 803 2
3631 4232 3
4138 4139 1
421 1455 5
5339 1887 2
5825 214 3
3330 4121 1
4013 1455 2
1832 1670 6
540 874 2
5609 4173 3
5873 3116 7
3591 2786 2
5561 3116 4
5581 4169 3
1988 4103 7
66 3015 6
3912 1457 2
1197 4121 2
2107 3015 7
2560 1815 8
2765 4169 6
4833 3889 1
5847 102 2
1786 1217 7
3794 1455 4
432 4120 5
5382 854 3
2187 101 2
88 1856 4
3162 1670 10
4854 4184 2
738 4121 5
2977 4671 2
4107 636 4
4793 441 1
620 618 1
3371 4671 2
3764 938 2
5674 617 3
2529 1360 2
5629 771 1
140 4169 12
3170 4121 3
3883 1856 6
3895 3116 5
57 3116 5
5747 474 7
1484 4120 10
158 4168 5
2620 658 5
410 79 1
569 3116 7
2238 214 2
3457 3961 6
3470 803 7
3140 842 3
142 474 5
2422 80 7
1735 563 5
2956 4168 8
4782 4114 4
5299 3015 4
5164 803 4
1902 1901 2
781 1396 1
17 745 4
4976 4934 2
536 4116 1
3697 2982 2
5567 1885 3
2136 1670 4
1934 3465 1
2095 708 3
851 842 3
3934 1517 3
180 636 4
114 563 8
2946 2150 4
589 2426 1
3563 547 2
4759 4181 2
1209 1670 4
3781 3015 1
2362 1886 8
4565 207 1
1265 474 4
1160 1154 2
14 1992 6
718 708 2
2631 636 5
4856 4323 1
4641 3766 2
5889 4253 8
564 803 1
3193 803 7
4803 1334 3
3695 3418 2
5067 2169 3
3161 3015 8
1329 5062 1
3834 1360 7
1859 636 8
5555 4103 1
4719 1456 2
530 80 4
1508 4120 9
4175 3418 1
5904 1670 3
106 102 1
3804 3179 6
1381 1245 3
5983 636 3
5182 654 1
657 664 1
3294 1998 5
3141 2882 1
865 3116 8
3042 1245 3
5549 636 2
5924 4934 2
264 80 3
499 636 3
5970 3015 6
589 4125 1
5247 4120 6
3042 3005 2
5218 1670 6
82 2076 3
3998 617 2
1564 409 7
4080 4079 1
1491 474 7
2838 4178 2
2959 3465 3
5598 563 6
1451 3116 6
43 474 6
5925 619 3
2232 4876 2
2446 636 4
1744 1658 1
3804 4120 9
5642 4332 3
4369 4189 2
2107 2017 2
1440 636 3
2376 474 8
3676 618 6
2386 1670 8
2014 207 2
3554 4168 3
2507 4103 4
1348 1396 1
3368 803 2
3621 2017 5
2386 1998 7
4186 4149 1
5335 545 4
4874 1887 3
3163 80 3
2893 4170 3
1692 4120 9
912 1318 3
2560 4537 7
1554 474 2
1324 4168 7
4380 4381 1
1290 103 1
3300 1457 5
4754 4267 1
4360 4187 1
2124 3116 7
3669 636 8
5432 636 4
4292 2780 1
2275 619 3
2777 5292 1
2893 563 10
5287 4249 3
1363 1455 1
428 4934 1
5759 214 2
3835 4529 3
2088 1455 1
4868 239 1
1500 1455 4
5476 4173 4
1451 636 4
5053 1455 2
2355 101 2
4660 3889 1
4488 4188 2
4037 3015 10
5191 4139 5
3302 474 4
958 3373 2
2240 1217 7
2510 5492 1
4327 2277 1
2800 1805 6
4561 4472 3
5762 2520 2
3450 2423 5
5608 658 2
2715 1457 3
5308 636 3
2881 239 2
4879 4537 4
4908 3015 3
46 4876 3
897 794 5
3377 2785 5
4784 4131 1
2975 3418 3
5809 4184 6
1445 2118 3
4617 4267 2
3591 619 2
762 103 3
3572 409 5
250 636 3
3765 3116 9
791 1396 3
3200 4173 3
2977 3015 4
3193 4120 4
1281 563 6
5151 1670 5
4939 1294 1
2896 4169 4
2938 207 4
5055 4169 4
1502 3116 6
1016 80 5
3905 537 3
5605 79 4
5443 1065 2
426 4212 1
3994 457 2
3662 2632 6
543 563 1
3983 4396 2
2908 4193 2
3651 1670 3
326 474 2
1950 207 2
2804 636 9
5220 4144 2
2941 745 2
4440 3398 1
3304 4330 2
908 563 6
5519 4120 7
788 618 2
1019 1049 7
2289 4169 4
3199 1593 4
2074 1457 1
2271 1671 3
3749 3750 1
38 1901 3
4690 1455 5
4241 712 2
4254 2991 1
4672 4150 2
2221 2216 1
3620 1049 5
2083 360 1
4309 4165 1
5080 636 4
4398 4399 1
2370 103 2
5234 320 1
2616 1670 1
1996 2296 6
1012 1245 4
1165 3486 5
2990 439 4
2082 360 6
3601 4876 3
2420 587 4
1323 3486 4
679 658 3
2132 4537 7
1918 4083 2
1738 636 3
5955 4121 3
2956 1387 4
3738 80 3
3277 794 4
1542 474 3
2967 946 4
1924 207 3
2664 1593 5
757 4219 1
520 3116 6
1449 636 3
1063 636 2
4001 1885 3
987 618 2
3205 636 4
5370 3015 4
4288 4114 2
4428 457 1
845 4616 1
4050 1670 8
5793 3418 6
1246 1245 1
790 619 6
3771 545 2
335 4120 6
5953 474 7
5822 2632 7
5424 721 1
2172 4249 1
5832 3116 3
4050 4103 3
2908 4193 2
215 213 1
3407 2296 4
1986 563 7
5840 2625 2
3204 4121 6
3583 2867 1
1777 4120 7
3300 1457 2
4258 1997 1
2585 3486 6
4066 1925 7
5884 4120 5
5207 4169 2
4828 4298 2
1451 3116 8
2649 4459 4
5642 3116 6
2824 2991 4
579 3325 3
254 4169 3
1508 4173 10
5037 1921 1
5644 1455 2
1828 4120 8
5816 636 2
1058 721 1
95 1670 5
4303 1026 1
4442 4220 1
3593 4430 1
1442 636 3
777 3015 6
5190 4153 4
4957 3702 2
222 2325 4
4227 4187 1
4944 3212 2
2683 4184 6
4862 617 2
5364 4232 3
560 1997 7
1978 4120 7
5388 2780 3
1330 5062 2
2660 1080 1
2058 3179 6
2667 1455 6
2456 80 5
2228 636 7
505 2786 4
305 2566 1
1063 3486 4
3503 3015 4
699 658 3
218 1842 2
3041 360 1
1903 2243 1
2023 3015 2
5759 1455 3
3789 617 4
753 794 3
5428 794 3
2972 2017 5
2182 1671 2
4032 4144 9
5177 79 5
3185 3116 2
4590 4491 1
5091 3465 1
1907 2260 2
4673 474 1
1559 4139 2
2931 4120 4
2388 4121 6
868 636 3
4949 4556 2
1112 4265 1
5120 1594 2
1260 2030 2
2408 1657 7
1143 1670 7
5644 207 2
1166 4671 2
2596 4168 3
4261 4203 1
3241 1826 4
2101 207 3
2865 3015 6
5586 4121 3
1888 4237 1
739 708 2
2721 4422 1
4462 1396 1
2800 1805 4
4829 636 1
5280 474 3
1465 563 10
5187 1065 1
4467 4121 3
4138 4139 1
150 3015 6
3344 3687 3
461 4196 3
1497 1670 5
2145 3329 7
1683 80 5
770 1886 7
3205 4176 5
1971 4531 1
5445 4214 5
4959 794 2
630 2030 6
5275 440 1
1022 658 6
5907 1670 8
1426 2030 4
2104 803 6
4917 4153 4
2229 2678 1
4857 4189 2
2254 3486 3
3284 1217 2
1423 3015 8
4186 4187 1
530 545 4
4790 360 2
984 1456 2
2584 1593 3
3757 755 3
2493 1593 3
3293 563 6
2515 3116 4
385 4120 7
3706 1670 6
5130 4173 2
1287 4169 9
5055 4537 1
5009 3398 1
4498 4499 1
3288 3289 2
2788 2780 2
2646 4139 1
3797 1318 3
1811 79 5
4401 4281 1
5037 3017 1
4296 474 1
2921 4169 4
1202 2017 3
4892 2246 3
1774 5390 1
366 4173 2
1662 1455 2
2595 658 5
4123 3480 1
4639 1997 2
224 636 7
1376 636 7
1119 4174 3
2768 563 13
2156 4120 4
2760 4564 2
4327 2277 1
1329 5062 1
3054 1671 4
501 409 9
1125 3015 5
5917 4120 9
3539 4290 3
3927 636 4
3068 4120 4
5023 636 2
3308 80 8
2326 2325 1
315 636 6
4140 708 1
3147 4298 2
3495 3116 4
4118 4114 1
3280 3116 9
1381 80 6
3795 794 2
2940 1334 2
1180 618 4
2914 721 1
3220 803 4
1484 636 4
5396 1593 3
2588 474 4
4585 4421 2
605 563 5
110 102 2
1596 1594 1
3129 324 2
1037 1671 5
4095 4253 1
1975 1671 4
2264 1670 6
5865 4120 8
2687 207 3
1740 664 1
5868 4139 5
3419 3325 1
5632 3261 3
3218 1671 10
1910 2243 2
5884 4120 3
5303 1671 2
2541 4169 3
2193 4237 4
1916 239 1
2394 1826 2
5750 2246 4
5732 708 2
444 440 1
394 80 2
2599 803 6
5138 563 3
4494 636 1
5290 1671 2
734 931 1
3685 3486 9
3172 4573 1
347 619 4
2146 636 6
1863 1843 1
5790 2030 2
4368 873 2
4225 4121 1
4701 4321 2
98 457 3
876 874 1
3092 3116 7
5805 4125 2
2254 4120 9
2700 4121 9
5942 4169 5
5773 1925 7
1580 1805 7
3217 636 6
3672 636 6
4266 4267 1
2516 3116 6
3147 4396 1
1807 563 4
5060 4184 1
4697 617 2
2082 4298 3
1091 207 2
3140 1455 3
5133 1826 1
5894 563 2
4066 4913 2
861 4103 3
5948 4141 3
3206 803 8
5650 1887 3
1539 80 3
3648 4407 1
4093 1455 2
1305 4244 1
2901 409 5
4251 3480 2
1109 917 2
1466 636 2
4558 4125 1
226 4178 9
1167 1885 8
5612 4537 2
5957 1155 2
630 4169 5
610 4450 1
5099 617 2
5184 4563 3
3073 3126 2
5656 3116 4
1112 1549 4
386 636 2
4245 4139 2
2 3677 2
2682 1670 1
4538 4257 2
4032 1671 8
2446 1049 5
466 4173 5
5485 4332 3
327 1826 1
2342 4103 8
3200 1805 4
982 1457 2
5822 4120 6
1475 3116 4
1157 1154 1
3833 2818 3
1219 1670 9
5546 3373 3
1703 636 2
1673 80 1
4922 3480 2
3226 4120 4
3058 1805 2
5913 914 3
4631 207 1
4569 2247 1
1573 4537 8
98 3015 4
3118 79 5
2720 1549 2
4936 367 2
5597 617 3
1225 1217 2
5461 755 2
2425 4125 2
1329 5062 1
266 2632 7
3312 636 3
2244 919 2
4831 1887 3
2669 80 2
1860 822 1
2845 409 6
3916 2325 7
5915 5718 2
1478 4120 8
1198 474 10
3765 1997 7
902 794 1
2027 563 5
4048 207 1
2978 3486 2
2374 3116 3
3858 547 2
3125 1456 4
296 294 1
3627 3628 1
308 3486 5
4963 4260 2
3189 636 6
3234 1969 1
2414 619 3
1504 4169 11
4656 3480 3
980 735 1
1819 1805 5
5888 4332 2
1463 636 7
5617 563 5
1085 1394 3
1478 1670 9
392 1670 6
4394 1455 3
314 911 2
2870 636 3
2480 636 13
1233 4163 1
4065 563 7
5928 2150 1
2732 4332 7
2339 4537 4
4124 4120 1
4548 4181 2
1213 822 1
5728 4139 3
305 638 1
4712 2991 2
1376 617 2
2471 636 4
2822 2169 1
5338 4260 3
5447 3289 1
1272 440 1
7 1080 4
2197 4120 5
3320 1670 7
5719 4120 6
3771 1217 8
500 1669 3
4944 207 2
2116 618 1
396 1670 6
5784 4150 3
3111 1969 2
1598 1594 2
840 618 4
5086 4491 1
5323 1670 2
1448 4537 4
5213 4319 1
3279 207 2
476 475 1
1614 409 6
2290 4169 6
2343 563 8
1004 1671 4
3109 1455 2
1984 1217 5
5358 617 3
1865 803 1
2821 618 2
5996 940 1
628 214 1
3711 755 1
5070 755 3
4951 474 3
4633 4139 3
308 563 7
788 618 2
3112 3212 4
4415 1670 2
5059 2625 3
126 4169 9
3333 2243 1
4961 4158 1
370 1549 1
1804 3486 4
2072 854 2
1159 794 5
4171 1805 1
1970 4564 1
1721 803 4
530 4169 7
2696 1230 1
5000 4328 4
220 2991 2
5296 658 3
3237 4120 2
1240 3116 5
5576 1742 1
148 563 7
2782 409 6
1039 4421 1
1188 4214 5
4046 1396 3
1238 1455 9
12 4537 5
1861 1805 8
2722 712 1
2734 2632 8
3327 4144 2
3278 3486 7
1867 3015 2
2897 1065 3
2865 80 7
2731 207 1
3941 2648 1
2065 3373 2
2722 4174 2
3860 1191 3
2358 3015 7
2922 1439 1
502 1671 3
2157 4120 3
2184 4876 2
5846 2623 3
3245 636 4
5654 3692 2
4774 3766 2
3629 1457 6
4311 4174 1
1602 1455 1
45 636 4
1382 2917 2
3304 636 3
2465 5916 1
54 1998 4
359 1026 3
2245 2247 1
1683 3329 3
2068 474 5
2141 2784 3
4183 4114 1
781 1396 1
2816 1843 2
496 4103 1
1050 207 1
1258 618 4
1068 3116 3
4944 2030 2
3852 409 2
4522 3766 2
5272 3329 2
747 3015 5
504 1671 8
2843 917 5
3710 4103 3
1630 755 2
200 474 11
5845 4328 4
5092 2246 3
2631 1886 5
3492 803 3
5183 2786 4
5473 1334 1
2104 563 4
5873 2623 4
4136 4126 1
2977 1670 2
2950 2188 3
1473 474 6
4751 1439 2
766 3329 3
5647 4169 5
1787 1217 3
1605 1805 8
2574 4114 2
2698 636 12
3751 708 5
0 4922 12
0 3927 3
0 3480 14
0 3929 20
0 2838 4
0 2788 11
0 4027 4
0 911 5
0 5358 16
0 3711 3
0 4784 13
0 4782 16
0 3554 12
0 5825 16
0 5846 7
0 4144 13
0 3252 16
0 5981 16
0 4141 10
0 4140 16
0 0 12
0 347 20
0 3852 7
0 3998 6
0 200 7
0 3994 5
0 1091 12
0 815 12
0 3858 9
0 2858 15
0 1798 4
0 2914 4
0 2916 3
0 718 5
0 2850 9
0 712 7
0 5461 15
0 1491 4
0 5272 8
0 3330 19
0 1265 3
0 3334 10
0 4170 12
0 3672 20
0 4171 10
0 5308 1
0 2095 9
0 1703 6
0 5957 3
0 4963 7
0 1063 15
0 2315 7
0 2312 17
0 5948 16
0 5269 3
0 1258 12
0 1669 20
0 5915 4
0 3237 6
0 5917 12
0 1664 12
0 1662 3
0 5913 18
0 4328 12
0 3771 19
0 2896 12
0 3776 5
0 1080 5
0 4321 15
0 4323 8
0 4325 13
0 1125 12
0 4327 17
0 3140 15
0 3141 3
0 4656 4
0 2893 4
0 4558 16
0 3147 2
0 2824 10
0 2408 15
0 3676 12
0 3677 9
0 2822 4
0 2541 14
0 628 1
0 2982 14
0 2845 20
0 3749 8
0 4175 3
0 2382 7
0 520 2
0 1019 18
0 2386 5
0 2821 8
0 2388 10
0 1016 19
0 2261 11
0 4176 3
0 1012 12
0 1630 2
0 4214 13
0 1237 1
0 2446 18
0 4213 10
0 3587 11
0 4196 13
0 3589 4
0 441 18
0 3961 20
0 447 6
0 4193 14
0 2765 16
0 444 2
0 5822 9
0 5674 18
0 2260 6
0 102 13
0 5770 9
0 5773 11
0 101 13
0 106 20
0 2101 11
0 5776 2
0 902 5
0 3261 13
0 4428 1
0 38 10
0 2043 19
0 904 9
0 4548 2
0 4422 12
0 2510 8
0 908 6
0 4421 11
0 4114 8
0 2049 4
0 3092 20
0 3093 11
0 4959 13
0 1245 17
0 5983 5
0 1807 15
0 5546 17
0 4951 13
0 432 12
0 4957 13
0 1539 11
0 2616 5
0 699 19
0 338 3
0 335 14
0 3804 20
0 4936 11
0 4111 11
0 4103 11
0 2480 18
0 4107 13
0 5138 1
0 3294 18
0 1907 9
0 1549 9
0 5133 14
0 1903 16
0 3292 4
0 1901 9
0 854 6
0 3450 14
0 4917 11
0 3457 1
0 5705 16
0 747 11
0 3627 9
0 3293 9
0 4095 12
0 2687 15
0 2681 18
0 2682 10
0 3895 10
0 610 8
0 5292 5
0 845 7
0 2264 18
0 98 2
0 4774 14
0 4245 20
0 5719 1
0 3593 15
0 95 2
0 842 4
0 5182 2
0 1622 7
0 3205 16
0 1992 2
0 4079 2
0 5187 7
0 1997 10
0 4173 17
0 1998 5
0 5220 2
0 4178 6
0 5718 19
0 5793 1
0 5790 20
0 3200 2
0 2243 11
0 3344 20
0 2574 17
0 5816 14
0 3628 18
0 743 6
0 745 12
0 2867 15
0 5000 11
0 1376 1
0 3631 15
0 1180 9
0 239 13
0 2949 19
0 5055 2
0 2946 15
0 2229 5
0 426 9
0 4617 10
0 4616 13
0 1050 9
0 1198 11
0 3068 12
0 2228 12
0 1057 15
0 1058 19
0 2224 3
0 2917 15
0 1197 15
0 2221 14
0 5924 19
0 5925 2
0 2516 1
0 1692 4
0 2941 5
0 2919 9
0 3058 5
0 2940 16
0 2595 13
0 4149 11
0 4258 2
0 618 11
0 619 18
0 142 6
0 140 2
0 1465 15
0 4319 8
0 4253 9
0 2646 1
0 617 1
0 4257 5
0 2507 7
0 1888 10
0 1887 2
0 1886 1
0 1885 16
0 4462 6
0 914 12
0 3333 10
0 2088 7
0 1281 9
0 2124 6
0 2127 5
0 949 7
0 2082 3
0 3116 4
0 4915 17
0 2086 8
0 4913 5
0 3111 12
0 1287 9
0 1191 2
0 1475 1
0 1573 18
0 1478 10
0 5173 6
0 4189 15
0 2659 18
0 5177 16
0 126 1
0 5174 2
0 1497 20
0 2596 16
0 1819 12
0 4263 7
0 498 6
0 499 5
0 5747 14
0 5073 7
0 5070 12
0 4227 3
0 4220 16
0 3418 5
0 3419 20
0 1832 17
0 5629 13
0 5581 8
0 3795 5
0 3794 18
0 4381 4
0 4380 13
0 2404 2
0 938 11
0 2150 3
0 2072 7
0 1037 6
0 5037 15
0 4862 4
0 2014 11
0 2017 19
0 5955 7
0 409 14
0 3834 13
0 3835 18
0 5382 6
0 5383 17
0 5386 7
0 3833 3
0 5388 2
0 3934 18
0 5130 7
0 3930 3
0 2599 4
0 4032 5
0 1950 14
0 4037 9
0 4186 4
0 1828 5
0 4138 15
0 4139 7
0 5597 7
0 4131 2
0 3241 2
0 3245 17
0 3206 11
0 3841 16
0 370 7
0 1466 17
0 4488 2
0 822 7
0 1843 1
0 2901 15
0 5303 6
0 708 9
0 4311 14
0 1065 2
0 2908 14
0 701 2
0 5617 14
0 392 10
0 88 8
0 396 8
0 3308 5
0 1484 16
0 82 13
0 80 8
0 398 18
0 3302 19
0 3303 10
0 3300 12
0 3301 13
0 3495 5
0 5928 9
0 794 19
0 791 4
0 790 18
0 5258 11
0 3204 9
0 4048 15
0 5847 7
0 4251 1
0 1658 13
0 7 18
0 5840 1
0 1657 11
0 5848 3
0 2289 2
0 1500 13
0 3662 15
0 2280 9
0 3126 17
0 3669 11
0 589 19
0 296 7
0 2881 1
0 148 18
0 4627 12
0 5942 15
0 294 13
0 1348 10
0 1439 17
0 2275 18
0 2277 13
0 5916 12
0 2271 16
0 3398 8
0 3010 1
0 4829 2
0 2278 3
0 3015 7
0 1260 10
0 4407 16
0 2058 12
0 2374 8
0 2376 1
0 1004 4
0 2370 9
0 4260 19
0 4188 3
0 3591 12
0 620 5
0 2590 2
0 4265 4
0 4266 5
0 4267 5
0 4181 15
0 5234 20
0 4183 14
0 2456 12
0 5032 15
0 4184 7
0 4187 10
0 457 17
0 3702 8
0 4430 20
0 4433 18
0 4467 20
0 4254 15
0 2882 11
0 1502 16
0 2880 11
0 5549 5
0 4538 7
0 4828 12
0 657 3
0 4535 3
0 3692 15
0 4537 6
0 4949 16
0 3695 3
0 3697 17
0 2118 4
0 1503 19
0 180 14
0 2156 3
0 1504 1
0 1505 1
0 3084 8
0 1508 20
0 658 19
0 1559 17
0 2623 11
0 2620 17
0 2624 5
0 2625 1
0 3129 4
0 5953 8
0 3526 3
0 1918 16
0 5108 1
0 2760 14
0 3522 5
0 5895 1
0 3289 7
0 3521 11
0 1910 7
0 3284 5
0 5107 7
0 3280 13
0 11 1
0 868 18
0 220 20
0 12 14
0 14 10
0 3883 2
0 1921 11
0 861 13
0 3118 10
0 3889 5
0 946 8
0 1598 19
0 2027 16
0 2116 4
0 2083 13
0 2696 14
0 4158 3
0 3905 11
0 1602 11
0 54 3
0 4660 7
0 3908 17
0 3112 9
0 4556 16
0 5213 10
0 4769 5
0 1225 7
0 5218 12
0 4165 18
0 4163 9
0 1969 20
0 3234 8
0 1473 16
0 4001 11
0 1614 18
0 5191 14
0 5190 11
0 4169 2
0 4168 3
0 3971 4
0 320 3
0 326 14
0 327 13
0 324 10
0 654 20
0 5805 9
0 2873 11
0 2872 15
0 777 2
0 202 13
0 771 18
0 770 20
0 207 7
0 4296 7
0 3621 16
0 3620 2
0 679 19
0 2978 5
0 71 18
0 5092 6
0 2972 13
0 3054 9
0 2976 14
0 2977 11
0 79 5
0 3051 5
0 2238 4
0 504 19
0 2768 16
0 5364 13
0 1594 4
0 5443 15
0 2339 13
0 1049 13
0 2232 3
0 5447 19
0 4719 18
0 5445 2
0 1683 17
0 3073 3
0 5894 18
0 4288 1
0 4303 18
0 1143 20
0 224 9
0 3710 6
0 4305 7
0 1305 15
0 4309 12
0 664 5
0 3492 14
0 2967 1
0 661 9
0 4570 5
0 2094 9
0 4573 16
0 4531 17
0 226 1
0 505 18
0 4472 8
0 3651 14
0 4212 10
0 4908 11
0 3172 6
0 1542 3
0 2520 6
0 2715 5
0 2529 8
0 4672 18
0 4671 17
0 2481 17
0 543 12
0 540 14
0 547 14
0 545 19
0 2244 9
0 2245 6
0 2246 2
0 2247 7
0 2240 9
0 1463 20
0 1462 2
0 2465 6
0 5067 10
0 996 13
0 2648 13
0 2660 10
0 5063 2
0 5062 10
0 4882 18
0 2700 15
0 1318 11
0 3403 5
0 5750 5
0 218 13
0 3407 11
0 2414 12
0 4237 7
0 2 6
0 5759 7
0 4234 13
0 4232 10
0 5428 20
0 4874 12
0 1068 18
0 4876 9
0 17 3
0 4873 3
0 5612 2
0 5598 11
0 5610 16
0 1826 3
0 4879 2
0 4401 20
0 2068 20
0 2146 15
0 2145 14
0 2412 15
0 410 17
0 4499 17
0 2141 13
0 4976 16
0 1387 17
0 1381 9
0 1382 20
0 4973 3
0 5390 1
0 5396 7
0 3820 10
0 865 17
0 3125 7
0 315 16
0 314 10
0 3277 16
0 3583 14
0 1924 2
0 1925 6
0 1804 11
0 4225 20
0 1230 14
0 496 8
0 3278 11
0 3279 19
0 5099 15
0 4281 3
0 3470 12
0 4198 16
0 4123 10
0 5091 18
0 4121 11
0 4120 4
0 4126 3
0 4125 15
0 3572 18
0 2667 17
0 2664 3
0 4494 3
0 4219 12
0 4491 19
0 4490 8
0 366 9
0 367 10
0 5009 20
0 360 20
0 4498 19
0 5586 8
0 440 4
0 2938 12
0 1774 1
0 3199 16
0 2023 19
0 3941 14
0 1330 8
0 1867 18
0 385 12
0 386 15
0 4563 11
0 5485 8
0 2931 10
0 4759 18
0 2065 14
0 781 15
0 4050 2
0 4751 14
0 5247 2
0 4754 5
0 1721 8
0 5873 13
0 5626 4
0 5970 16
0 3797 8
0 5323 19
0 2669 13
0 579 2
0 150 16
0 3751 5
0 3750 17
0 2290 18
0 2296 4
0 3757 20
0 5370 18
0 3005 13
0 4631 7
0 2193 7
0 66 3
0 103 8
0 1160 1
0 2800 7
0 2801 11
0 3162 14
0 3163 20
0 2804 14
0 3161 20
0 5432 10
0 1119 1
0 1423 19
0 3312 11
0 3368 10
0 1394 4
0 1426 13
0 3648 19
0 2560 9
0 1580 3
0 4868 5
0 2566 13
0 222 6
0 1039 6
0 735 14
0 734 16
0 2188 8
0 4701 7
0 739 6
0 738 11
0 250 2
0 2364 11
0 502 2
0 2362 20
0 500 18
0 501 6
0 630 15
0 1213 10
0 2585 6
0 2584 19
0 1217 12
0 636 11
0 2343 3
0 2420 1
0 2422 16
0 2423 14
0 461 16
0 2425 13
0 2426 8
0 2588 15
0 5555 15
0 1860 16
0 4442 3
0 1865 10
0 3729 1
0 4446 1
0 5656 2
0 5654 16
0 1202 9
0 931 1
0 5650 13
0 3179 8
0 965 7
0 4934 17
0 2342 12
0 4529 11
0 4831 2
0 4939 10
0 4833 3
0 4524 14
0 3687 17
0 4522 1
0 3685 9
0 1455 10
0 1456 16
0 1457 19
0 1451 10
0 1842 9
0 2515 10
0 1517 1
0 1673 7
0 2107 16
0 2104 1
0 4080 14
0 4081 19
0 4083 17
0 2731 6
0 2732 7
0 5299 17
0 5296 5
0 788 7
0 3860 15
0 2631 10
0 5290 10
0 2632 15
0 3503 9
0 5059 1
0 5884 3
0 3539 9
0 3764 2
0 5889 3
0 5888 17
0 5053 20
0 1815 7
0 5728 7
0 1811 8
0 1240 9
0 876 3
0 874 7
0 873 9
0 3436 4
0 5644 7
0 3185 17
0 4590 15
0 2032 15
0 2030 10
0 1996 1
0 2169 8
0 4846 15
0 1157 20
0 3916 9
0 892 16
0 3912 8
0 897 9
0 439 3
0 3288 8
0 4330 16
0 5207 14
0 4790 4
0 4793 1
0 4153 19
0 4150 6
0 5832 14
0 1978 2
0 4013 20
0 1975 13
0 3226 8
0 1605 20
0 3220 19
0 1971 5
0 1970 12
0 354 11
0 2157 9
0 803 8
0 359 9
0 3983 19
0 214 11
0 215 4
0 213 14
0 1085 7
0 762 7
0 4564 3
0 766 17
0 2843 2
0 1786 3
0 1787 17
0 5476 10
0 5474 9
0 2698 20
0 3325 15
0 3327 15
0 3041 12
0 3329 19
0 3042 9
0 4569 20
0 5275 13
0 1777 7
0 3017 12
0 5379 16
0 2326 6
0 2325 1
0 3218 19
0 5278 1
0 5809 15
0 1112 13
0 940 16
0 5907 10
0 5904 3
0 4990 16
0 1670 17
0 1671 17
0 1442 12
0 1095 9
0 1159 14
0 3765 18
0 3766 6
0 3563 1
0 1155 17
0 1154 15
0 3483 4
0 4332 11
0 671 19
0 1153 5
0 3486 4
0 5519 4
0 4562 7
0 4561 8
0 266 2
0 4565 8
0 264 2
0 1246 9
0 1334 4
0 3641 3
0 2499 18
0 4633 14
0 2552 18
0 1554 16
0 2990 20
0 2991 9
0 57 11
0 4641 15
0 4136 12
0 5183 9
0 537 11
0 536 1
0 2394 14
0 1449 1
0 530 17
0 1412 16
0 2254 20
0 2493 8
0 5060 19
0 1323 12
0 4899 3
0 2897 8
0 1324 2
0 5017 19
0 5151 5
0 4892 1
0 466 11
0 1329 12
0 5154 8
0 984 2
0 2777 9
0 5605 6
0 114 4
0 2870 3
0 110 5
0 4203 2
0 5609 20
0 5608 1
0 1233 5
0 2722 13
0 2785 17
0 1859 12
0 2786 10
0 4804 16
0 2780 14
0 2782 1
0 2865 18
0 1902 4
0 4415 9
0 5567 20
0 5561 20
0 1856 11
0 4124 3
0 2172 15
0 428 12
0 2197 4
0 1527 17
0 919 3
0 254 5
0 421 6
0 1396 17
0 917 13
0 2179 4
0 425 15
0 2076 10
0 4961 18
0 912 5
0 308 5
0 3452 6
0 1916 15
0 3950 12
0 1109 11
0 305 4
0 4116 4
0 4117 5
0 1931 3
0 4112 8
0 1936 1
0 1934 1
0 4712 8
0 5120 4
0 4118 4
0 851 7
0 3465 20
0 4298 19
0 840 16
0 4295 17
0 5080 7
0 5338 14
0 4290 15
0 4292 7
0 3629 15
0 2678 1
0 5184 17
0 2921 3
0 2922 17
0 1861 1
0 5335 9
0 4673 3
0 3320 9
0 5339 10
0 3189 4
0 1219 6
0 1986 18
0 1738 13
0 1984 16
0 3217 19
0 4066 13
0 2471 18
0 3212 14
0 4065 13
0 4261 11
0 1735 9
0 1988 3
0 5784 1
0 982 1
0 2734 3
0 4690 13
0 1238 17
0 5868 14
0 1272 3
0 5865 2
0 587 10
0 4639 12
0 2975 14
0 980 18
0 1166 11
0 753 11
0 569 9
0 3601 4
0 2816 8
0 757 12
0 755 5
0 4399 15
0 560 11
0 563 17
0 564 17
0 2818 20
0 987 1
0 2183 13
0 2182 18
0 2181 1
0 1596 8
0 2187 13
0 2959 7
0 1593 7
0 2184 4
0 3170 1
0 2956 6
0 2957 3
0 2950 18
0 2074 17
0 5086 5
0 5845 8
0 1026 1
0 2216 10
0 1188 20
0 1022 14
0 3377 8
0 5424 17
0 5426 12
0 3373 5
0 3371 15
0 3370 9
0 2358 19
0 725 17
0 721 1
0 1744 7
0 2683 13
0 1740 19
0 4944 3
0 1742 6
0 2355 11
0 605 3
0 1165 4
0 607 7
0 1167 5
0 1209 6
0 4360 9
0 4249 20
0 158 13
0 4244 3
0 394 20
0 4369 8
0 4368 15
0 5576 20
0 4241 20
0 4174 14
0 4450 4
0 5632 15
0 3761 17
0 3738 15
0 4459 14
0 5642 4
0 3706 16
0 3304 8
0 5647 7
0 2136 1
0 958 10
0 4518 8
0 2132 15
0 3109 18
0 4697 12
0 49 1
0 46 9
0 5762 5
0 45 19
0 5473 12
0 43 9
0 2139 8
0 1568 8
0 638 11
0 1445 15
0 1444 6
0 5492 17
0 1440 19
0 1560 8
0 476 15
0 1290 8
0 1564 4
0 5023 2
0 1294 15
0 1448 15
0 4093 5
0 2649 4
0 4090 2
0 5164 7
0 1360 10
0 2721 18
0 2720 5
0 5280 18
0 4046 8
0 5287 8
0 4585 12
0 5996 15
0 4803 20
0 5732 16
0 2784 13
0 480 4
0 4398 8
0 4440 7
0 1805 17
0 3781 20
0 3789 5
0 4394 1
0 1863 5
0 4396 7
0 3196 4
0 3195 13
0 1365 18
0 3193 5
0 1363 15
0 474 4
0 475 7
0 4857 8
0 4856 12
0 4854 9
0 4581 13
0 1368 11
2127 5099 5
2362 1394 2
2801 876 18
3687 3483 7
791 5822 14
1657 1777 3
1265 4081 20
4633 822 7
4123 1363 6
2967 4973 11
3702 2032 17
2388 5258 18
1819 264 16
3141 264 1
2043 5873 9
3185 3111 5
664 579 20
3729 2599 15
1903 505 20
5750 3628 7
2721 4939 16
5750 1217 10
4831 1119 19
4701 4564 8
2721 4829 15
5776 4253 19
1294 4213 5
3677 5996 7
2277 3676 14
5473 2254 6
3300 2065 2
605 2880 18
4149 3293 19
2818 5928 3
2169 679 5
5793 3217 10
874 4183 20
1491 4769 11
3334 2516 12
753 4174 8
2682 4751 10
5269 4303 11
5183 1457 11
3685 4518 17
3196 5164 3
2682 628 8
2271 1787 15
4261 4398 13
2777 1554 12
1811 4173 17
38 2426 20
4790 1348 6
1219 4249 17
4627 4380 2
2232 638 10
4360 2362 4
1423 3084 12
1287 4422 9
4774 3118 2
264 5561 4
5612 2358 11
4570 1463 18
4433 1504 10
5278 5561 7
845 314 12
1671 5130 7
5364 1463 14
3672 958 7
757 305 19
1209 2422 13
4590 547 3
1921 3589 6
917 5629 9
2326 3927 7
791 5133 17
3994 4090 3
2938 2566 12
3204 5485 17
1049 4189 18
1910 3776 2
5609 46 13
4973 4396 19
4672 3302 6
3189 226 9
4267 874 14
3084 2394 20
5642 5832 8
791 3327 12
5983 1238 1
4187 520 19
1233 987 11
4868 1396 19
2382 699 5
5822 5955 6
4769 3073 19
4973 4219 14
4430 4854 9
5942 5234 12
3217 3750 19
3073 4165 6
4103 410 12
1449 5213 6
3676 1863 2
1867 1155 5
4263 5177 10
3452 5617 19
54 5182 14
4828 537 19
5009 4095 15
1396 794 3
3436 4581 5
2456 2950 18
3934 3289 13
3116 4421 6
1901 4564 4
5948 1197 11
1197 3912 7
3710 3858 20
4440 3301 3
2118 3193 4
4673 564 12
1265 3294 10
2788 2957 2
2425 2541 2
912 1860 13
1457 4531 11
1605 2 4
2370 938 8
3292 1022 19
1593 4251 8
4537 2664 15
1924 324 4
1996 2362 15
4442 4244 15
2515 2782 12
1265 2732 7
5848 1798 3
1885 2184 4
1165 861 1
2058 43 20
2870 4249 15
4288 610 5
1323 2184 2
3294 5388 8
5164 2816 7
4258 4126 18
326 3206 17
425 4123 4
4380 1554 8
2715 5981 10
4241 5915 8
4558 1240 16
4491 2978 16
5177 4829 17
4564 747 12
3889 3279 13
421 4494 7
1294 5626 14
745 3889 9
239 476 18
2922 4225 17
4949 2104 17
3711 2880 20
1457 4257 6
747 4112 16
5955 3237 11
3912 5805 15
5358 4032 2
904 1901 20
3483 4325 19
1504 4537 5
766 3220 16
3526 4165 14
1744 865 7
4193 2520 3
3835 1918 14
607 4189 15
5187 4494 9
771 1559 2
4178 1671 13
2141 2520 1
4531 5485 1
425 1191 10
338 4957 10
5705 4140 8
1165 3252 6
3333 2082 3
3330 3522 17
5770 547 16
3179 3261 4
2027 919 10
1225 314 10
4118 3289 4
101 7 13
537 5925 20
1095 3908 1
4125 3204 15
5561 1165 14
4433 4328 1
3126 2660 3
308 5750 18
2032 3234 10
5718 5053 9
4499 1237 7
2326 2588 12
2669 2646 5
3495 2017 12
1153 421 13
3695 4570 4
4862 2520 10
370 4401 10
1559 2683 2
5953 2179 5
2032 4219 13
5907 3883 19
618 3587 17
1703 2315 13
5888 2244 19
2414 3621 15
5443 220 12
2768 1057 10
874 2916 4
904 2326 9
1936 474 16
3277 4874 12
3118 1396 18
4290 3217 18
2343 4537 13
3572 5747 12
98 398 2
5070 4263 13
5784 4908 11
4754 3706 14
1455 1804 4
5485 2118 4
4183 498 4
4537 4050 10
11 2232 18
4639 1539 11
1497 4854 20
2782 2072 2
5009 4639 16
2074 1885 18
2507 2188 6
218 5840 18
5130 5915 9
1423 1805 9
410 4442 1
2083 207 6
3841 1381 13
735 1916 17
505 815 14
4149 498 13
1112 2172 5
359 5379 18
3804 4472 10
2364 5287 14
3129 1318 5
4111 218 15
3312 1360 4
2858 4570 13
1016 1859 4
4522 2229 15
3765 5889 12
3738 4046 10
5981 1903 19
739 4617 20
1828 5396 11
1191 3804 11
3860 4257 3
2700 5060 14
3241 474 14
5388 5957 5
2824 5846 15
892 2394 17
2179 1692 7
1457 2588 7
1063 2423 18
638 1658 2
2426 3303 16
1842 5917 3
1363 110 10
1596 4001 19
359 2515 8
4759 4176 9
1019 2017 16
4563 3371 16
1826 1559 20
861 1658 1
49 4203 19
5889 2908 5
4120 2246 4
2669 2088 4
4570 5059 4
3794 4401 9
4759 444 19
5390 1225 7
5770 386 14
3771 3521 3
902 2881 7
2931 3834 7
4754 1160 14
5382 3334 10
4917 2838 10
2957 851 18
560 4556 20
4899 2574 17
3776 3147 12
1246 708 15
1153 984 5
1503 1324 8
215 2990 5
3797 4360 14
254 5388 6
4990 1022 3
1786 5278 7
5234 2188 2
1019 5925 15
4857 1049 7
842 98 12
3994 3245 1
1805 2240 14
57 777 14
1539 3199 5
2788 3750 20
1916 2616 15
636 5825 10
3669 734 19
1978 4290 9
5612 5323 2
1658 4080 6
4944 4934 20
3329 3470 9
4701 3398 17
1580 103 13
5092 1861 14
3116 2471 3
4112 4846 11
4125 1155 8
218 327 18
2326 3695 10
911 803 12
4570 2480 4
3833 1376 5
1238 3766 12
1832 5970 11
699 504 10
3304 4237 1
3503 4368 18
3483 239 20
103 3889 13
2584 4949 1
296 537 4
4922 5586 5
5996 1826 19
3288 5549 7
1842 5907 3
5191 224 14
5610 745 17
4899 3695 11
2481 2599 14
1504 12 8
1867 1811 5
851 1058 12
2731 2681 16
4491 215 7
3941 3794 2
4163 4754 1
1622 1542 8
2659 367 11
2244 3587 9
2480 447 12
4944 4467 12
220 661 17
766 5037 7
1188 1456 8
5358 4846 6
3217 3687 15
5379 5278 5
4237 5598 9
5174 1703 15
560 4399 6
1012 4117 15
4548 218 3
2296 2696 17
2880 3237 17
1444 394 19
5073 1564 20
1502 658 4
1560 2631 17
4831 4013 8
2870 1998 19
2801 3205 5
3620 1614 3
3162 3795 7
2342 3241 20
734 3294 1
3757 605 10
4803 2507 6
2289 5561 6
4959 4095 18
2922 753 12
4564 5177 20
2181 3163 4
3764 5358 17
1448 2364 2
1901 620 12
987 1683 20
1924 5184 7
5822 3200 18
1202 5151 17
4671 4868 4
4656 2991 14
3308 4117 20
1109 3058 9
1984 432 6
1444 4803 5
4138 1348 2
1153 2058 15
5759 1564 17
5290 2632 16
854 3300 14
5983 3278 4
4323 2721 11
2065 3934 8
2510 5290 12
4697 4831 18
3539 1738 8
4380 4169 2
5120 3620 15
5567 638 17
4573 1683 2
2116 1238 4
3334 1155 9
4220 5873 6
1112 5732 9
5017 2290 11
638 5809 12
3927 5868 2
5647 1050 4
4296 4892 20
3141 4573 4
5567 5296 9
224 4407 14
1819 5278 10
4171 5108 2
4491 4672 14
2872 4963 1
2404 2228 2
5023 1549 4
1039 2991 6
476 2132 14
5719 4138 12
4261 2919 6
4149 3738 18
3125 2956 19
1463 721 12
1721 2394 1
1970 347 19
4290 1473 19
4065 5576 5
4754 4251 17
3327 2881 15
1996 1807 14
3648 3312 20
980 4499 1
426 4672 13
359 3495 13
1657 5915 7
498 1969 8
3941 3185 20
4472 5848 9
5187 324 2
4027 3116 3
5848 1969 10
638 2520 4
757 2780 9
5847 3217 19
410 4249 19
4369 2072 13
4126 2058 6
3587 4170 11
4311 3109 15
5032 3279 13
215 3539 17
2127 3303 5
5868 3750 10
3278 2529 10
4627 504 20
4616 3480 5
4462 1902 7
2238 1662 1
4234 3895 16
3325 5370 9
3776 3280 13
701 1202 5
3539 1360 1
2516 1805 2
4323 2734 13
5107 1360 17
701 2246 10
5000 946 20
2667 3941 11
4107 4325 20
5485 3303 13
1324 3627 12
4181 4265 8
3834 2822 7
3950 305 4
3212 347 17
1445 4079 18
4227 2896 9
911 1455 19
3729 4332 10
2786 3621 16
2982 110 10
1334 4176 16
2786 2280 18
3084 735 13
2784 5567 4
3172 200 15
2922 457 4
1365 3662 5
1605 1670 15
2027 587 3
3794 3470 18
1997 1281 2
5151 2094 15
296 4690 17
2072 2516 7
5555 1888 11
1050 4846 15
2388 327 1
4163 5130 15
1517 4107 11
207 3212 13
3398 5476 4
617 1167 18
5884 3971 20
4573 1155 15
2678 3237 8
95 747 11
4537 2624 13
5598 1233 15
1188 1365 8
4828 5816 11
664 3587 11
1975 1004 20
770 1738 13
1605 4131 20
2982 4951 6
1426 4873 6
563 3252 18
3895 4032 20
5292 2648 20
2768 2088 20
4862 3629 6
1815 5629 11
226 102 9
2732 2068 18
2271 919 14
873 5846 14
3054 3300 3
3711 4381 7
2471 2246 11
3583 3199 11
2938 3129 20
1568 2946 7
712 0 19
3834 5492 17
5220 2698 19
3141 2782 2
1924 2289 14
2632 3697 10
5626 2599 2
5759 3695 6
3495 5612 2
4529 2181 6
4305 2696 7
4944 5586 18
739 4415 7
2620 1735 16
5832 2224 13
3403 3172 16
897 1387 11
2715 2782 15
3226 5060 6
4298 5816 15
2216 735 10
140 3109 19
1602 661 13
5793 2228 16
2669 3330 1
1058 5597 1
2342 3905 1
679 2339 19
4754 725 3
114 501 9
1225 5383 5
1971 1992 1
501 4080 10
4288 4908 10
1505 5846 4
3042 2107 8
5916 441 15
315 3927 3
4186 4170 11
636 1602 12
537 4153 4
1323 4498 18
3278 1658 13
1662 2169 15
2880 4573 13
5335 3572 5
840 2782 6
4498 1026 4
3109 4178 20
4876 2760 7
148 984 7
757 1318 5
2094 3677 2
3277 5586 3
5080 2325 19
1580 4401 6
2914 5383 14
2376 5825 2
1598 3189 19
2585 4079 18
1903 1826 2
3042 1167 9
2667 3697 7
3486 2068 5
43 3294 7
3329 360 6
563 5338 4
5032 5000 5
360 5822 13
1037 4558 3
2804 3261 7
444 1382 15
2224 4251 8
2768 2664 1
4140 2648 10
3195 4421 18
5904 5825 20
5784 2414 4
5776 5000 6
5032 80 5
4857 1095 11
777 4257 16
3288 4281 10
3279 5674 19
1614 876 19
5396 3776 6
2516 3129 18
3294 5138 13
3692 4934 15
2188 1245 10
4303 3764 19
2940 4804 11
2014 3648 14
912 5182 11
1091 2777 5
220 5258 9
2941 4050 17
4120 2786 4
3302 466 7
2243 4913 9
5816 745 20
3669 1112 3
3916 2991 17
984 2412 10
1265 2822 17
359 5705 4
1198 2850 19
5576 3017 11
5647 4178 16
4249 2232 16
569 394 14
4001 3368 9
4531 4857 15
4244 4538 18
3141 2760 12
4936 874 4
3930 3041 18
2325 1143 3
366 5218 20
3711 5388 16
1703 392 20
3539 3141 10
781 3368 3
4186 2145 2
2426 366 1
1381 845 1
4394 440 20
2157 5925 8
3620 4488 9
4032 5062 6
4939 12 11
4253 2315 2
226 4214 12
1950 1016 3
314 2785 4
628 2777 4
5719 3277 20
2254 1159 10
1887 82 13
1559 5091 17
2386 4050 4
735 224 5
4225 2625 6
1500 3908 1
7 4913 4
2649 908 1
222 4292 1
1598 3162 15
536 4184 4
5750 2179 13
5865 3695 4
4288 1290 16
2423 5190 9
4488 1798 20
4673 1260 11
3593 5339 10
4321 1230 7
3195 4165 14
79 4001 6
735 5133 8
5644 5303 10
4330 1387 13
1657 106 7
2882 396 3
965 4319 6
1154 3503 16
1449 2275 3
2290 3377 7
1735 2422 15
3129 5067 12
1978 1318 3
4380 4518 4
3129 3302 9
2731 4083 6
4951 4360 3
4149 946 18
4125 4360 13
1863 501 10
5432 4873 7
2560 5825 5
4254 5656 16
5424 5053 1
2423 536 4
0 1456 1
5809 2931 20
1376 3589 10
3651 4660 10
1049 142 16
1826 1798 5
1505 618 20
579 5845 5
4690 3905 7
1630 4013 10
2132 5674 14
2271 5379 14
965 4079 17
366 3284 7
126 1505 6
2446 5335 18
1065 3486 9
2471 5549 17
4422 1984 20
3669 1559 11
2068 3766 17
4529 3601 8
2977 4193 3
560 4257 6
3852 638 4
4498 3042 8
4328 4868 17
822 3629 19
2179 12 20
3710 1594 10
3601 3284 5
2896 1828 5
4150 2715 13
2520 536 10
2245 2017 20
2560 5750 16
0 4309 18
4118 1213 3
4249 3147 19
2187 3983 3
547 4168 1
5099 1188 16
5915 2785 11
3765 1573 14
2816 4168 15
5632 3766 20
3521 4281 16
4442 4585 8
708 4421 18
3589 3308 1
367 2238 18
5822 2687 10
4116 4529 15
912 5280 10
2919 504 5
3912 3126 19
4472 3895 9
2843 4951 20
5605 5070 11
4394 3407 15
4856 560 18
803 5750 16
2574 1811 4
3163 5234 20
4585 2388 9
2667 3334 19
4563 4295 13
1004 4158 7
2590 4381 9
2938 2157 11
2574 3126 18
865 1554 15
158 545 9
4178 4139 9
3789 1085 7
4804 1614 3
5390 4633 15
2243 1451 7
938 5474 13
102 4697 2
3129 1245 10
2116 5809 15
3092 394 4
3495 5955 8
4719 520 17
103 4529 18
4959 2649 2
2777 4401 17
5561 1969 6
4569 1774 12
14 79 20
4639 5086 13
4227 5996 9
4565 1975 18
5816 4330 19
5173 5865 1
2187 4220 2
4548 4174 13
4305 4565 14
3961 3226 1
180 1157 6
902 4123 8
3589 3368 18
45 2782 8
4309 5888 19
876 2919 4
3436 496 10
4121 3261 16
1527 4774 13
98 4415 16
5184 4234 6
5280 2456 3
3252 421 20
1068 5790 8
589 2975 13
2780 2873 20
1050 3711 12
4957 3687 18
5549 3789 14
897 3129 8
4203 4398 19
4957 101 2
2260 3930 10
3889 1936 11
1798 3934 15
3710 140 20
1258 4048 12
4828 5907 3
4149 4212 16
335 4856 2
5822 3998 16
2358 5426 20
4118 3521 16
1360 5303 6
79 4253 12
5099 2342 18
1159 5610 20
865 5586 4
2982 2901 15
1363 1670 4
1798 2777 18
4225 2916 3
4440 3593 13
5443 1290 15
940 1238 4
4181 347 15
5913 5732 15
708 3163 17
4490 315 15
3620 4214 6
4249 1504 20
1065 2956 1
3631 5608 16
1049 2893 20
4759 4518 14
2325 5108 13
14 931 9
4265 2065 17
5247 2731 2
5647 3140 6
2374 3302 17
320 1426 13
757 440 20
1863 4915 17
5705 3450 20
3373 4305 9
738 3687 13
4225 496 18
1925 781 5
4790 2560 9
5335 1305 15
213 320 1
57 2687 7
1735 1992 7
3929 868 15
4266 1598 13
4295 2631 1
3068 4719 5
917 2362 12
5190 1815 1
1901 699 17
5386 5674 20
3217 4472 2
4311 1867 11
3126 904 14
1969 5917 6
3998 3189 3
2124 4037 17
2118 725 18
95 4892 6
2374 4829 4
1819 2788 16
1050 1901 8
3889 3794 9
1664 2850 14
2768 1080 11
2782 1670 8
2977 1554 17
4381 5220 19
2408 5062 14
5303 5382 13
3776 2141 6
5280 1934 2
38 3292 8
2631 2107 11
5473 2901 15
218 4922 18
5213 4065 10
4915 2058 10
4214 5632 2
1786 2157 8
4529 4249 11
444 5032 7
1986 5258 14
2382 3860 13
1238 4368 15
4407 4107 17
4281 545 3
366 366 2
3457 158 7
718 2118 4
2681 3450 1
498 3751 5
2290 4181 6
367 1246 5
5629 1907 2
3193 2510 9
158 3172 7
2382 5426 5
1016 5610 8
1975 338 15
2471 5220 2
1931 3041 18
3941 2023 7
2681 444 13
3294 5063 19
2977 5424 2
4381 2660 14
3289 5955 1
4178 2244 6
1901 4565 7
2786 5816 5
5234 1318 11
1396 1202 1
762 3226 16
3010 3140 14
4175 771 16
